,Sex,Seat,libarts,TV,computer,Sleep,alcohol,Height,momheight,dadheight,exercise,GPA
1,Male,Back,NonLib,20.0,7.0,9.0,0.0,72.0,64.0,65.0,2.0,2.3
123,Male,Back,NonLib,12.0,25.0,6.0,0.0,76.0,64.0,72.0,1.5,3.17
21,Male,Front,NonLib,1.5,8.0,8.5,0.0,67.0,64.0,66.0,5.0,3.5
94,Female,Front,LibArts,20.0,8.0,7.0,0.0,60.0,60.0,66.0,0.0,3.1
127,Male,Middle,NonLib,9.0,2.0,7.0,20.0,77.0,71.0,76.0,15.0,2.34
48,Female,Middle,NonLib,2.0,10.0,11.0,0.0,64.0,62.0,68.0,2.0,3.06
3,Male,Middle,NonLib,8.0,20.0,6.0,0.0,68.0,59.0,70.0,6.0,2.8
29,Male,Front,NonLib,3.5,22.5,7.0,2.0,66.0,60.0,64.0,3.0,3.4
52,Female,Front,NonLib,6.0,3.0,4.5,1.0,63.0,64.0,74.0,5.5,3.2
2,Male,Back,NonLib,15.0,15.0,6.0,0.0,68.0,62.0,74.0,3.0,2.6
55,Female,Back,NonLib,15.0,6.0,9.5,0.0,67.0,64.0,70.0,2.0,2.5
102,Male,Front,LibArts,0.0,14.0,7.5,0.0,72.0,67.0,74.0,4.0,2.1
90,Male,Middle,LibArts,15.0,10.0,6.0,2.0,71.0,66.0,69.0,1.0,2.7
43,Male,Middle,NonLib,5.0,20.0,4.0,2.0,70.0,64.0,68.0,2.0,3.2
95,Male,Front,LibArts,20.0,30.0,6.0,0.0,64.0,60.0,65.0,10.0,2.5
93,Female,Middle,LibArts,6.0,5.0,8.5,4.0,63.0,61.0,67.0,1.0,2.17
97,Male,Front,LibArts,15.0,15.0,6.0,0.0,66.0,61.0,61.0,2.0,3.6
96,Male,Back,LibArts,35.0,40.0,10.0,5.0,63.0,65.0,64.0,2.0,3.43
65,Male,Back,NonLib,4.0,10.0,8.0,10.0,73.0,67.0,72.0,6.0,3.5
13,Male,Front,NonLib,1.0,84.0,5.0,2.5,61.0,62.0,62.0,3.0,2.34
0,Female,Back,NonLib,13.0,10.0,3.5,12.0,66.0,66.0,71.0,10.0,4.0
144,Male,Middle,NonLib,10.0,2.0,5.5,20.0,68.0,63.0,68.0,8.0,2.4
100,Female,Middle,LibArts,1.0,2.0,8.0,0.0,65.5,62.0,71.0,4.5,3.22
89,Female,Front,LibArts,10.0,5.0,8.0,0.0,67.0,65.0,68.0,2.5,3.5
20,Female,Front,NonLib,30.0,30.0,9.5,0.0,68.0,68.0,69.0,1.0,2.5
49,Female,Middle,NonLib,8.0,7.0,8.0,0.0,66.0,64.0,73.0,6.0,2.8
112,Male,Middle,NonLib,2.0,28.0,7.0,3.0,70.0,60.0,78.0,2.0,3.18
53,Female,Middle,NonLib,10.0,7.0,4.0,0.0,65.0,62.0,75.0,2.0,3.5
42,Male,Middle,NonLib,20.0,25.0,9.0,0.0,70.0,60.0,64.0,5.0,2.51
31,Male,,NonLib,1.0,14.0,7.0,0.0,69.0,64.0,69.0,10.0,3.2
